31375 31375
30876 30876
30876 30876
31375 31375
31375 31375
30876 30876
31125 31125
31125 31125
30876 30876
31125 31125
31375 31375
31375 31375
30876 30876
31125 31125
31375 31375
31125 31125
30876 30876
31375 31375
31125 31125
31125 31125
31125 31125
31125 31125
31125 31125
30876 30876
31125 31125
31375 31375
30876 30876
(0.012047732138359817, 0.0) (0.0015643256758154068, 0.9502051308507479)
31125 31125
30876 30876
30876 30876
31125 31125
(0.002335918564970879, 0.34641931550306404) (0.001453481987715671, 0.9801846361726164)
31125 31125
31125 31125
31125 31125
30876 30876
31375 31375
30876 30876
30876 30876
31375 31375
31125 31125
31375 31375
31125 31125
31125 31125
31375 31375
31125 31125
31375 31375
31375 31375
31125 31125
31375 31375
31375 31375
30876 30876
31375 31375
31125 31125
30876 30876
31125 31125
31125 31125
31125 31125
